Depth Threads Time
1 1 0.732379
1 2 0.404466
1 3 0.414390
1 4 0.408800
1 5 0.414242
1 6 0.406816
1 7 0.415731
1 8 0.409117
2 1 0.736170
2 2 0.253609
2 3 0.264027
2 4 0.264873
2 5 0.264262
2 6 0.247489
2 7 0.261101
2 8 0.237296
3 1 0.733436
3 2 0.208762
3 3 0.213120
3 4 0.207169
3 5 0.208839
3 6 0.208634
3 7 0.208682
3 8 0.208056
4 1 0.751627
4 2 0.201587
4 3 0.206369
4 4 0.211155
4 5 0.210809
4 6 0.210804
4 7 0.206406
4 8 0.208509
5 1 0.747777
5 2 0.194928
5 3 0.202176
5 4 0.202807
5 5 0.202213
5 6 0.203516
5 7 0.204428
5 8 0.207402
6 1 0.741163
6 2 0.200990
6 3 0.207199
6 4 0.207709
6 5 0.210468
6 6 0.209435
6 7 0.216234
6 8 0.219188
7 1 0.745044
7 2 0.198321
7 3 0.205226
7 4 0.210577
7 5 0.214858
7 6 0.214176
7 7 0.216555
7 8 0.222649
8 1 0.737805
8 2 0.200524
8 3 0.208016
8 4 0.213275
8 5 0.220332
8 6 0.222958
8 7 0.232571
8 8 0.237819
